237.27 0.226 0.438 143.65 0.343 0.561 E2
247.88 0.229 0.442 154.90 0.344 0.561 EM7
246.93 0.213 0.411 153.07 0.313 0.528
245.84 0.213 0.408 152.91 0.313 0.526
242.19 0.214 0.412 149.27 0.315 0.529
242.52 0.213 0.411 148.88 0.314 0.530
243.42 0.212 0.409 150.09 0.312 0.527


217.30 0.227 0.450 135.29 0.348 0.570 E2
230.52 0.213 0.419 148.68 0.313 0.531
229.41 0.213 0.416 148.66 0.313 0.528
226.00 0.214 0.420 144.99 0.316 0.533
226.11 0.213 0.419 144.63 0.314 0.534
226.63 0.212 0.417 145.45 0.312 0.531


434.89 0.213 0.322 226.38 0.303 0.476 E2
409.29 0.214 0.329 196.47 0.309 0.498
408.38 0.213 0.332 194.97 0.310 0.503
402.34 0.213 0.327 191.60 0.309 0.492
404.94 0.215 0.331 190.89 0.311 0.499
409.61 0.210 0.326 196.03 0.308 0.493

100dim
all
224.54 0.244 0.490 129.90 0.401 0.643
214.78 0.243 0.476 120.17 0.380 0.619

redun
202.90 0.247 0.506 120.24 0.409 0.656
195.56 0.245 0.490 113.78 0.386 0.630


none
438.67 0.216 0.331 225.54 0.322 0.508
405.00 0.221 0.331 183.34 0.325 0.508

100dim 25neg
all
all
224.81 0.248 0.498 129.40 0.418 0.658
201.88 0.256 0.502 105.03 0.425 0.669

redun
203.17 0.251 0.515 119.80 0.427 0.674
180.61 0.260 0.519 97.790 0.433 0.683

none
438.86 0.219 0.329 224.38 0.328 0.504
412.31 0.219 0.334 176.66 0.349 0.538

100dim 10neg
all
224.40 0.247 0.495 129.40 0.412 0.652
211.09 0.250 0.489 115.34 0.403 0.645

redun
203.06 0.249 0.512 119.84 0.420 0.667
190.93 0.253 0.504 108.66 0.409 0.657

none
435.57 0.221 0.330 224.01 0.330 0.507
410.51 0.223 0.336 181.42 0.340 0.528